              precision    recall  f1-score   support

           0     0.6991    0.5925    0.6414       400
           1     0.5697    0.6950    0.6261       400
           2     0.8850    0.9425    0.9128       400
           3     0.9851    0.9900    0.9875       400
           4     0.9229    0.9275    0.9252       400
           5     0.9320    0.9250    0.9285       400
           6     0.9367    0.9625    0.9494       400
           7     0.9707    0.9925    0.9815       400
           8     0.9577    0.9050    0.9306       400
           9     0.6256    0.9275    0.7472       400
           A     0.9702    0.9775    0.9738       400
           B     0.9601    0.9625    0.9613       400
           C     0.9675    0.9675    0.9675       400
           D     0.9102    0.9375    0.9236       400
           E     0.9874    0.9825    0.9850       400
           F     0.6508    0.6850    0.6675       400
           G     0.9349    0.9700    0.9521       400
           H     0.9419    0.9725    0.9569       400
           I     0.6779    0.6525    0.6650       400
           J     0.9386    0.9550    0.9467       400
           K     0.9870    0.9500    0.9682       400
           L     0.6645    0.5150    0.5803       400
           M     0.9655    0.9800    0.9727       400
           N     0.9306    0.9725    0.9511       400
           O     0.6543    0.7525    0.7000       400
           P     0.9749    0.9700    0.9724       400
           Q     0.9356    0.9450    0.9403       400
           R     0.9652    0.9700    0.9676       400
           S     0.9221    0.9175    0.9198       400
           T     0.9284    0.9400    0.9342       400
           U     0.9216    0.9400    0.9307       400
           V     0.9303    0.9350    0.9327       400
           W     0.9659    0.9925    0.9790       400
           X     0.9896    0.9475    0.9681       400
           Y     0.9271    0.9225    0.9248       400
           Z     0.9493    0.8900    0.9187       400
           a     0.9089    0.8975    0.9031       400
           b     0.9403    0.9050    0.9223       400
           d     0.9675    0.9675    0.9675       400
           e     0.9632    0.9825    0.9728       400
           f     0.6453    0.6050    0.6245       400
           g     0.7695    0.6425    0.7003       400
           h     0.9542    0.9375    0.9458       400
           n     0.9231    0.9300    0.9265       400
           q     0.7796    0.4775    0.5922       400
           r     0.9397    0.9350    0.9373       400
           t     0.9052    0.9075    0.9064       400

    accuracy                         0.8862     18800
   macro avg     0.8879    0.8862    0.8849     18800
weighted avg     0.8879    0.8862    0.8849     18800
